Adopt PM mut_strategy!
The target model do not have the mutator operators momentum!
mut_result:Parameter Miss
1 generation!

Adopt PM mut_strategy!
The target model do not have the mutator operators momentum!
mut_result:Parameter Miss
2 generation!

Adopt PM mut_strategy!
candidate_in_mutlayers_indice:-1
select op: encoded.2 layer_type: Conv2d selected param:kernel_size input_shape:[2, 32, 128, 128] output_shape:[2, 32, 64, 64]
Edit value: (2, 4) new_inshape: (2, 32, 128, 128) new_outshape: (2, 32, 64, 64)
Conv2d<input_channels=32, output_channels=32, kernel_size=(2, 4), stride=(2, 2), pad_mode=same, padding=0, dilation=(1, 1), group=1, has_bias=True, weight_init=[[[[1. 1. 1. 1.]
   [1. 1. 1. 1.]]

  [[1. 1. 1. 1.]
   [1. 1. 1. 1.]]

  [[1. 1. 1. 1.]
   [1. 1. 1. 1.]]

  ...

  [[1. 1. 1. 1.]
   [1. 1. 1. 1.]]

  [[1. 1. 1. 1.]
   [1. 1. 1. 1.]]

  [[1. 1. 1. 1.]
   [1. 1. 1. 1.]]]


 [[[1. 1. 1. 1.]
   [1. 1. 1. 1.]]

  [[1. 1. 1. 1.]
   [1. 1. 1. 1.]]

  [[1. 1. 1. 1.]
   [1. 1. 1. 1.]]

  ...

  [[1. 1. 1. 1.]
   [1. 1. 1. 1.]]

  [[1. 1. 1. 1.]
   [1. 1. 1. 1.]]

  [[1. 1. 1. 1.]
   [1. 1. 1. 1.]]]


 [[[1. 1. 1. 1.]
   [1. 1. 1. 1.]]

  [[1. 1. 1. 1.]
   [1. 1. 1. 1.]]

  [[1. 1. 1. 1.]
   [1. 1. 1. 1.]]

  ...

  [[1. 1. 1. 1.]
   [1. 1. 1. 1.]]

  [[1. 1. 1. 1.]
   [1. 1. 1. 1.]]

  [[1. 1. 1. 1.]
   [1. 1. 1. 1.]]]


 ...


 [[[1. 1. 1. 1.]
   [1. 1. 1. 1.]]

  [[1. 1. 1. 1.]
   [1. 1. 1. 1.]]

  [[1. 1. 1. 1.]
   [1. 1. 1. 1.]]

  ...

  [[1. 1. 1. 1.]
   [1. 1. 1. 1.]]

  [[1. 1. 1. 1.]
   [1. 1. 1. 1.]]

  [[1. 1. 1. 1.]
   [1. 1. 1. 1.]]]


 [[[1. 1. 1. 1.]
   [1. 1. 1. 1.]]

  [[1. 1. 1. 1.]
   [1. 1. 1. 1.]]

  [[1. 1. 1. 1.]
   [1. 1. 1. 1.]]

  ...

  [[1. 1. 1. 1.]
   [1. 1. 1. 1.]]

  [[1. 1. 1. 1.]
   [1. 1. 1. 1.]]

  [[1. 1. 1. 1.]
   [1. 1. 1. 1.]]]


 [[[1. 1. 1. 1.]
   [1. 1. 1. 1.]]

  [[1. 1. 1. 1.]
   [1. 1. 1. 1.]]

  [[1. 1. 1. 1.]
   [1. 1. 1. 1.]]

  ...

  [[1. 1. 1. 1.]
   [1. 1. 1. 1.]]

  [[1. 1. 1. 1.]
   [1. 1. 1. 1.]]

  [[1. 1. 1. 1.]
   [1. 1. 1. 1.]]]], bias_init=[1. 1. 1. 1. 1. 1. 1. 1. 1. 1. 1. 1. 1. 1. 1. 1. 1. 1. 1. 1. 1. 1. 1. 1.
 1. 1. 1. 1. 1. 1. 1. 1.], format=NCHW>
mut_result:True
3 generation!

Adopt PM mut_strategy!
The target model do not have the mutator operators keep_prob!
mut_result:Parameter Miss
4 generation!

Adopt PM mut_strategy!
candidate_in_mutlayers_indice:-1
select op: encoded.2 layer_type: Conv2d selected param:stride input_shape:[2, 32, 128, 128] output_shape:[2, 32, 64, 64]
Edit value: (2, 3) new_inshape: (2, 32, 128, 128) new_outshape: (2, 32, 64, 43)
mutate op infor:
SequentialCell<
  (0): Conv2d<input_channels=32, output_channels=32, kernel_size=(2, 4), stride=(2, 3), pad_mode=same, padding=0, dilation=(1, 1), group=1, has_bias=True, weight_init=[[[[1. 1. 1. 1.]
     [1. 1. 1. 1.]]
  
    [[1. 1. 1. 1.]
     [1. 1. 1. 1.]]
  
    [[1. 1. 1. 1.]
     [1. 1. 1. 1.]]
  
    ...
  
    [[1. 1. 1. 1.]
     [1. 1. 1. 1.]]
  
    [[1. 1. 1. 1.]
     [1. 1. 1. 1.]]
  
    [[1. 1. 1. 1.]
     [1. 1. 1. 1.]]]
  
  
   [[[1. 1. 1. 1.]
     [1. 1. 1. 1.]]
  
    [[1. 1. 1. 1.]
     [1. 1. 1. 1.]]
  
    [[1. 1. 1. 1.]
     [1. 1. 1. 1.]]
  
    ...
  
    [[1. 1. 1. 1.]
     [1. 1. 1. 1.]]
  
    [[1. 1. 1. 1.]
     [1. 1. 1. 1.]]
  
    [[1. 1. 1. 1.]
     [1. 1. 1. 1.]]]
  
  
   [[[1. 1. 1. 1.]
     [1. 1. 1. 1.]]
  
    [[1. 1. 1. 1.]
     [1. 1. 1. 1.]]
  
    [[1. 1. 1. 1.]
     [1. 1. 1. 1.]]
  
    ...
  
    [[1. 1. 1. 1.]
     [1. 1. 1. 1.]]
  
    [[1. 1. 1. 1.]
     [1. 1. 1. 1.]]
  
    [[1. 1. 1. 1.]
     [1. 1. 1. 1.]]]
  
  
   ...
  
  
   [[[1. 1. 1. 1.]
     [1. 1. 1. 1.]]
  
    [[1. 1. 1. 1.]
     [1. 1. 1. 1.]]
  
    [[1. 1. 1. 1.]
     [1. 1. 1. 1.]]
  
    ...
  
    [[1. 1. 1. 1.]
     [1. 1. 1. 1.]]
  
    [[1. 1. 1. 1.]
     [1. 1. 1. 1.]]
  
    [[1. 1. 1. 1.]
     [1. 1. 1. 1.]]]
  
  
   [[[1. 1. 1. 1.]
     [1. 1. 1. 1.]]
  
    [[1. 1. 1. 1.]
     [1. 1. 1. 1.]]
  
    [[1. 1. 1. 1.]
     [1. 1. 1. 1.]]
  
    ...
  
    [[1. 1. 1. 1.]
     [1. 1. 1. 1.]]
  
    [[1. 1. 1. 1.]
     [1. 1. 1. 1.]]
  
    [[1. 1. 1. 1.]
     [1. 1. 1. 1.]]]
  
  
   [[[1. 1. 1. 1.]
     [1. 1. 1. 1.]]
  
    [[1. 1. 1. 1.]
     [1. 1. 1. 1.]]
  
    [[1. 1. 1. 1.]
     [1. 1. 1. 1.]]
  
    ...
  
    [[1. 1. 1. 1.]
     [1. 1. 1. 1.]]
  
    [[1. 1. 1. 1.]
     [1. 1. 1. 1.]]
  
    [[1. 1. 1. 1.]
     [1. 1. 1. 1.]]]], bias_init=[1. 1. 1. 1. 1. 1. 1. 1. 1. 1. 1. 1. 1. 1. 1. 1. 1. 1. 1. 1. 1. 1. 1. 1.
   1. 1. 1. 1. 1. 1. 1. 1.], format=NCHW>
  (1): Replace_ms<>
  >
mut_result:True
5 generation!

Adopt PM mut_strategy!
candidate_in_mutlayers_indice:-1
select op: encoded.0 layer_type: Conv2d selected param:kernel_size input_shape:[2, 3, 256, 256] output_shape:[2, 32, 128, 128]
Edit value: (2, 3) new_inshape: (2, 3, 256, 256) new_outshape: (2, 32, 128, 128)
Conv2d<input_channels=3, output_channels=32, kernel_size=(2, 3), stride=(2, 2), pad_mode=same, padding=0, dilation=(1, 1), group=1, has_bias=True, weight_init=[[[[1. 1. 1.]
   [1. 1. 1.]]

  [[1. 1. 1.]
   [1. 1. 1.]]

  [[1. 1. 1.]
   [1. 1. 1.]]]


 [[[1. 1. 1.]
   [1. 1. 1.]]

  [[1. 1. 1.]
   [1. 1. 1.]]

  [[1. 1. 1.]
   [1. 1. 1.]]]


 [[[1. 1. 1.]
   [1. 1. 1.]]

  [[1. 1. 1.]
   [1. 1. 1.]]

  [[1. 1. 1.]
   [1. 1. 1.]]]


 [[[1. 1. 1.]
   [1. 1. 1.]]

  [[1. 1. 1.]
   [1. 1. 1.]]

  [[1. 1. 1.]
   [1. 1. 1.]]]


 [[[1. 1. 1.]
   [1. 1. 1.]]

  [[1. 1. 1.]
   [1. 1. 1.]]

  [[1. 1. 1.]
   [1. 1. 1.]]]


 [[[1. 1. 1.]
   [1. 1. 1.]]

  [[1. 1. 1.]
   [1. 1. 1.]]

  [[1. 1. 1.]
   [1. 1. 1.]]]


 [[[1. 1. 1.]
   [1. 1. 1.]]

  [[1. 1. 1.]
   [1. 1. 1.]]

  [[1. 1. 1.]
   [1. 1. 1.]]]


 [[[1. 1. 1.]
   [1. 1. 1.]]

  [[1. 1. 1.]
   [1. 1. 1.]]

  [[1. 1. 1.]
   [1. 1. 1.]]]


 [[[1. 1. 1.]
   [1. 1. 1.]]

  [[1. 1. 1.]
   [1. 1. 1.]]

  [[1. 1. 1.]
   [1. 1. 1.]]]


 [[[1. 1. 1.]
   [1. 1. 1.]]

  [[1. 1. 1.]
   [1. 1. 1.]]

  [[1. 1. 1.]
   [1. 1. 1.]]]


 [[[1. 1. 1.]
   [1. 1. 1.]]

  [[1. 1. 1.]
   [1. 1. 1.]]

  [[1. 1. 1.]
   [1. 1. 1.]]]


 [[[1. 1. 1.]
   [1. 1. 1.]]

  [[1. 1. 1.]
   [1. 1. 1.]]

  [[1. 1. 1.]
   [1. 1. 1.]]]


 [[[1. 1. 1.]
   [1. 1. 1.]]

  [[1. 1. 1.]
   [1. 1. 1.]]

  [[1. 1. 1.]
   [1. 1. 1.]]]


 [[[1. 1. 1.]
   [1. 1. 1.]]

  [[1. 1. 1.]
   [1. 1. 1.]]

  [[1. 1. 1.]
   [1. 1. 1.]]]


 [[[1. 1. 1.]
   [1. 1. 1.]]

  [[1. 1. 1.]
   [1. 1. 1.]]

  [[1. 1. 1.]
   [1. 1. 1.]]]


 [[[1. 1. 1.]
   [1. 1. 1.]]

  [[1. 1. 1.]
   [1. 1. 1.]]

  [[1. 1. 1.]
   [1. 1. 1.]]]


 [[[1. 1. 1.]
   [1. 1. 1.]]

  [[1. 1. 1.]
   [1. 1. 1.]]

  [[1. 1. 1.]
   [1. 1. 1.]]]


 [[[1. 1. 1.]
   [1. 1. 1.]]

  [[1. 1. 1.]
   [1. 1. 1.]]

  [[1. 1. 1.]
   [1. 1. 1.]]]


 [[[1. 1. 1.]
   [1. 1. 1.]]

  [[1. 1. 1.]
   [1. 1. 1.]]

  [[1. 1. 1.]
   [1. 1. 1.]]]


 [[[1. 1. 1.]
   [1. 1. 1.]]

  [[1. 1. 1.]
   [1. 1. 1.]]

  [[1. 1. 1.]
   [1. 1. 1.]]]


 [[[1. 1. 1.]
   [1. 1. 1.]]

  [[1. 1. 1.]
   [1. 1. 1.]]

  [[1. 1. 1.]
   [1. 1. 1.]]]


 [[[1. 1. 1.]
   [1. 1. 1.]]

  [[1. 1. 1.]
   [1. 1. 1.]]

  [[1. 1. 1.]
   [1. 1. 1.]]]


 [[[1. 1. 1.]
   [1. 1. 1.]]

  [[1. 1. 1.]
   [1. 1. 1.]]

  [[1. 1. 1.]
   [1. 1. 1.]]]


 [[[1. 1. 1.]
   [1. 1. 1.]]

  [[1. 1. 1.]
   [1. 1. 1.]]

  [[1. 1. 1.]
   [1. 1. 1.]]]


 [[[1. 1. 1.]
   [1. 1. 1.]]

  [[1. 1. 1.]
   [1. 1. 1.]]

  [[1. 1. 1.]
   [1. 1. 1.]]]


 [[[1. 1. 1.]
   [1. 1. 1.]]

  [[1. 1. 1.]
   [1. 1. 1.]]

  [[1. 1. 1.]
   [1. 1. 1.]]]


 [[[1. 1. 1.]
   [1. 1. 1.]]

  [[1. 1. 1.]
   [1. 1. 1.]]

  [[1. 1. 1.]
   [1. 1. 1.]]]


 [[[1. 1. 1.]
   [1. 1. 1.]]

  [[1. 1. 1.]
   [1. 1. 1.]]

  [[1. 1. 1.]
   [1. 1. 1.]]]


 [[[1. 1. 1.]
   [1. 1. 1.]]

  [[1. 1. 1.]
   [1. 1. 1.]]

  [[1. 1. 1.]
   [1. 1. 1.]]]


 [[[1. 1. 1.]
   [1. 1. 1.]]

  [[1. 1. 1.]
   [1. 1. 1.]]

  [[1. 1. 1.]
   [1. 1. 1.]]]


 [[[1. 1. 1.]
   [1. 1. 1.]]

  [[1. 1. 1.]
   [1. 1. 1.]]

  [[1. 1. 1.]
   [1. 1. 1.]]]


 [[[1. 1. 1.]
   [1. 1. 1.]]

  [[1. 1. 1.]
   [1. 1. 1.]]

  [[1. 1. 1.]
   [1. 1. 1.]]]], bias_init=[1. 1. 1. 1. 1. 1. 1. 1. 1. 1. 1. 1. 1. 1. 1. 1. 1. 1. 1. 1. 1. 1. 1. 1.
 1. 1. 1. 1. 1. 1. 1. 1.], format=NCHW>
mut_result:True
6 generation!

Adopt PM mut_strategy!
The target model do not have the mutator operators keep_prob!
mut_result:Parameter Miss
7 generation!

Adopt PM mut_strategy!
candidate_in_mutlayers_indice:-1
select op: encoded.6 layer_type: Conv2d selected param:stride input_shape:[2, 32, 32, 32] output_shape:[2, 32, 32, 32]
Edit value: (3, 3) new_inshape: (2, 32, 32, 32) new_outshape: (2, 32, 11, 11)
mutate op infor:
SequentialCell<
  (0): Conv2d<input_channels=32, output_channels=32, kernel_size=(3, 3), stride=(3, 3), pad_mode=same, padding=0, dilation=(1, 1), group=1, has_bias=True, weight_init=[[[[1. 1. 1.]
     [1. 1. 1.]
     [1. 1. 1.]]
  
    [[1. 1. 1.]
     [1. 1. 1.]
     [1. 1. 1.]]
  
    [[1. 1. 1.]
     [1. 1. 1.]
     [1. 1. 1.]]
  
    ...
  
    [[1. 1. 1.]
     [1. 1. 1.]
     [1. 1. 1.]]
  
    [[1. 1. 1.]
     [1. 1. 1.]
     [1. 1. 1.]]
  
    [[1. 1. 1.]
     [1. 1. 1.]
     [1. 1. 1.]]]
  
  
   [[[1. 1. 1.]
     [1. 1. 1.]
     [1. 1. 1.]]
  
    [[1. 1. 1.]
     [1. 1. 1.]
     [1. 1. 1.]]
  
    [[1. 1. 1.]
     [1. 1. 1.]
     [1. 1. 1.]]
  
    ...
  
    [[1. 1. 1.]
     [1. 1. 1.]
     [1. 1. 1.]]
  
    [[1. 1. 1.]
     [1. 1. 1.]
     [1. 1. 1.]]
  
    [[1. 1. 1.]
     [1. 1. 1.]
     [1. 1. 1.]]]
  
  
   [[[1. 1. 1.]
     [1. 1. 1.]
     [1. 1. 1.]]
  
    [[1. 1. 1.]
     [1. 1. 1.]
     [1. 1. 1.]]
  
    [[1. 1. 1.]
     [1. 1. 1.]
     [1. 1. 1.]]
  
    ...
  
    [[1. 1. 1.]
     [1. 1. 1.]
     [1. 1. 1.]]
  
    [[1. 1. 1.]
     [1. 1. 1.]
     [1. 1. 1.]]
  
    [[1. 1. 1.]
     [1. 1. 1.]
     [1. 1. 1.]]]
  
  
   ...
  
  
   [[[1. 1. 1.]
     [1. 1. 1.]
     [1. 1. 1.]]
  
    [[1. 1. 1.]
     [1. 1. 1.]
     [1. 1. 1.]]
  
    [[1. 1. 1.]
     [1. 1. 1.]
     [1. 1. 1.]]
  
    ...
  
    [[1. 1. 1.]
     [1. 1. 1.]
     [1. 1. 1.]]
  
    [[1. 1. 1.]
     [1. 1. 1.]
     [1. 1. 1.]]
  
    [[1. 1. 1.]
     [1. 1. 1.]
     [1. 1. 1.]]]
  
  
   [[[1. 1. 1.]
     [1. 1. 1.]
     [1. 1. 1.]]
  
    [[1. 1. 1.]
     [1. 1. 1.]
     [1. 1. 1.]]
  
    [[1. 1. 1.]
     [1. 1. 1.]
     [1. 1. 1.]]
  
    ...
  
    [[1. 1. 1.]
     [1. 1. 1.]
     [1. 1. 1.]]
  
    [[1. 1. 1.]
     [1. 1. 1.]
     [1. 1. 1.]]
  
    [[1. 1. 1.]
     [1. 1. 1.]
     [1. 1. 1.]]]
  
  
   [[[1. 1. 1.]
     [1. 1. 1.]
     [1. 1. 1.]]
  
    [[1. 1. 1.]
     [1. 1. 1.]
     [1. 1. 1.]]
  
    [[1. 1. 1.]
     [1. 1. 1.]
     [1. 1. 1.]]
  
    ...
  
    [[1. 1. 1.]
     [1. 1. 1.]
     [1. 1. 1.]]
  
    [[1. 1. 1.]
     [1. 1. 1.]
     [1. 1. 1.]]
  
    [[1. 1. 1.]
     [1. 1. 1.]
     [1. 1. 1.]]]], bias_init=[1. 1. 1. 1. 1. 1. 1. 1. 1. 1. 1. 1. 1. 1. 1. 1. 1. 1. 1. 1. 1. 1. 1. 1.
   1. 1. 1. 1. 1. 1. 1. 1.], format=NCHW>
  (1): Replace_ms<>
  >
mut_result:True
8 generation!

Adopt PM mut_strategy!
candidate_in_mutlayers_indice:0
select op: encoded.2 layer_type: Conv2d selected param:kernel_size input_shape:[2, 32, 128, 128] output_shape:[2, 32, 64, 64]
Edit value: (4, 3) new_inshape: (2, 32, 128, 128) new_outshape: (2, 32, 64, 43)
mutate op infor:
SequentialCell<
  (0): Conv2d<input_channels=32, output_channels=32, kernel_size=(4, 3), stride=(2, 3), pad_mode=same, padding=0, dilation=(1, 1), group=1, has_bias=True, weight_init=[[[[1. 1. 1.]
     [1. 1. 1.]
     [1. 1. 1.]
     [1. 1. 1.]]
  
    [[1. 1. 1.]
     [1. 1. 1.]
     [1. 1. 1.]
     [1. 1. 1.]]
  
    [[1. 1. 1.]
     [1. 1. 1.]
     [1. 1. 1.]
     [1. 1. 1.]]
  
    ...
  
    [[1. 1. 1.]
     [1. 1. 1.]
     [1. 1. 1.]
     [1. 1. 1.]]
  
    [[1. 1. 1.]
     [1. 1. 1.]
     [1. 1. 1.]
     [1. 1. 1.]]
  
    [[1. 1. 1.]
     [1. 1. 1.]
     [1. 1. 1.]
     [1. 1. 1.]]]
  
  
   [[[1. 1. 1.]
     [1. 1. 1.]
     [1. 1. 1.]
     [1. 1. 1.]]
  
    [[1. 1. 1.]
     [1. 1. 1.]
     [1. 1. 1.]
     [1. 1. 1.]]
  
    [[1. 1. 1.]
     [1. 1. 1.]
     [1. 1. 1.]
     [1. 1. 1.]]
  
    ...
  
    [[1. 1. 1.]
     [1. 1. 1.]
     [1. 1. 1.]
     [1. 1. 1.]]
  
    [[1. 1. 1.]
     [1. 1. 1.]
     [1. 1. 1.]
     [1. 1. 1.]]
  
    [[1. 1. 1.]
     [1. 1. 1.]
     [1. 1. 1.]
     [1. 1. 1.]]]
  
  
   [[[1. 1. 1.]
     [1. 1. 1.]
     [1. 1. 1.]
     [1. 1. 1.]]
  
    [[1. 1. 1.]
     [1. 1. 1.]
     [1. 1. 1.]
     [1. 1. 1.]]
  
    [[1. 1. 1.]
     [1. 1. 1.]
     [1. 1. 1.]
     [1. 1. 1.]]
  
    ...
  
    [[1. 1. 1.]
     [1. 1. 1.]
     [1. 1. 1.]
     [1. 1. 1.]]
  
    [[1. 1. 1.]
     [1. 1. 1.]
     [1. 1. 1.]
     [1. 1. 1.]]
  
    [[1. 1. 1.]
     [1. 1. 1.]
     [1. 1. 1.]
     [1. 1. 1.]]]
  
  
   ...
  
  
   [[[1. 1. 1.]
     [1. 1. 1.]
     [1. 1. 1.]
     [1. 1. 1.]]
  
    [[1. 1. 1.]
     [1. 1. 1.]
     [1. 1. 1.]
     [1. 1. 1.]]
  
    [[1. 1. 1.]
     [1. 1. 1.]
     [1. 1. 1.]
     [1. 1. 1.]]
  
    ...
  
    [[1. 1. 1.]
     [1. 1. 1.]
     [1. 1. 1.]
     [1. 1. 1.]]
  
    [[1. 1. 1.]
     [1. 1. 1.]
     [1. 1. 1.]
     [1. 1. 1.]]
  
    [[1. 1. 1.]
     [1. 1. 1.]
     [1. 1. 1.]
     [1. 1. 1.]]]
  
  
   [[[1. 1. 1.]
     [1. 1. 1.]
     [1. 1. 1.]
     [1. 1. 1.]]
  
    [[1. 1. 1.]
     [1. 1. 1.]
     [1. 1. 1.]
     [1. 1. 1.]]
  
    [[1. 1. 1.]
     [1. 1. 1.]
     [1. 1. 1.]
     [1. 1. 1.]]
  
    ...
  
    [[1. 1. 1.]
     [1. 1. 1.]
     [1. 1. 1.]
     [1. 1. 1.]]
  
    [[1. 1. 1.]
     [1. 1. 1.]
     [1. 1. 1.]
     [1. 1. 1.]]
  
    [[1. 1. 1.]
     [1. 1. 1.]
     [1. 1. 1.]
     [1. 1. 1.]]]
  
  
   [[[1. 1. 1.]
     [1. 1. 1.]
     [1. 1. 1.]
     [1. 1. 1.]]
  
    [[1. 1. 1.]
     [1. 1. 1.]
     [1. 1. 1.]
     [1. 1. 1.]]
  
    [[1. 1. 1.]
     [1. 1. 1.]
     [1. 1. 1.]
     [1. 1. 1.]]
  
    ...
  
    [[1. 1. 1.]
     [1. 1. 1.]
     [1. 1. 1.]
     [1. 1. 1.]]
  
    [[1. 1. 1.]
     [1. 1. 1.]
     [1. 1. 1.]
     [1. 1. 1.]]
  
    [[1. 1. 1.]
     [1. 1. 1.]
     [1. 1. 1.]
     [1. 1. 1.]]]], bias_init=[1. 1. 1. 1. 1. 1. 1. 1. 1. 1. 1. 1. 1. 1. 1. 1. 1. 1. 1. 1. 1. 1. 1. 1.
   1. 1. 1. 1. 1. 1. 1. 1.], format=NCHW>
  (1): Replace_ms<>
  >
mut_result:True
9 generation!

Adopt PM mut_strategy!
The target model do not have the mutator operators momentum!
mut_result:Parameter Miss
10 generation!

Adopt PM mut_strategy!
The target model do not have the mutator operators momentum!
mut_result:Parameter Miss
11 generation!

Adopt PM mut_strategy!
The target model do not have the mutator operators keep_prob!
mut_result:Parameter Miss
12 generation!

Adopt PM mut_strategy!
The target model do not have the mutator operators eps!
mut_result:Parameter Miss
13 generation!

Adopt PM mut_strategy!
The target model do not have the mutator operators eps!
mut_result:Parameter Miss
14 generation!

Adopt PM mut_strategy!
The target model do not have the mutator operators momentum!
mut_result:Parameter Miss
15 generation!

Adopt PM mut_strategy!
The target model do not have the mutator operators keep_prob!
mut_result:Parameter Miss
16 generation!

Adopt PM mut_strategy!
candidate_in_mutlayers_indice:-1
select op: encoded.8 layer_type: Conv2d selected param:stride input_shape:[2, 32, 32, 32] output_shape:[2, 64, 16, 16]
Edit value: (2, 2) new_inshape: (2, 32, 32, 32) new_outshape: (2, 64, 16, 16)
Conv2d<input_channels=32, output_channels=64, kernel_size=(4, 4), stride=(2, 2), pad_mode=same, padding=0, dilation=(1, 1), group=1, has_bias=True, weight_init=[[[[1. 1. 1. 1.]
   [1. 1. 1. 1.]
   [1. 1. 1. 1.]
   [1. 1. 1. 1.]]

  [[1. 1. 1. 1.]
   [1. 1. 1. 1.]
   [1. 1. 1. 1.]
   [1. 1. 1. 1.]]

  [[1. 1. 1. 1.]
   [1. 1. 1. 1.]
   [1. 1. 1. 1.]
   [1. 1. 1. 1.]]

  ...

  [[1. 1. 1. 1.]
   [1. 1. 1. 1.]
   [1. 1. 1. 1.]
   [1. 1. 1. 1.]]

  [[1. 1. 1. 1.]
   [1. 1. 1. 1.]
   [1. 1. 1. 1.]
   [1. 1. 1. 1.]]

  [[1. 1. 1. 1.]
   [1. 1. 1. 1.]
   [1. 1. 1. 1.]
   [1. 1. 1. 1.]]]


 [[[1. 1. 1. 1.]
   [1. 1. 1. 1.]
   [1. 1. 1. 1.]
   [1. 1. 1. 1.]]

  [[1. 1. 1. 1.]
   [1. 1. 1. 1.]
   [1. 1. 1. 1.]
   [1. 1. 1. 1.]]

  [[1. 1. 1. 1.]
   [1. 1. 1. 1.]
   [1. 1. 1. 1.]
   [1. 1. 1. 1.]]

  ...

  [[1. 1. 1. 1.]
   [1. 1. 1. 1.]
   [1. 1. 1. 1.]
   [1. 1. 1. 1.]]

  [[1. 1. 1. 1.]
   [1. 1. 1. 1.]
   [1. 1. 1. 1.]
   [1. 1. 1. 1.]]

  [[1. 1. 1. 1.]
   [1. 1. 1. 1.]
   [1. 1. 1. 1.]
   [1. 1. 1. 1.]]]


 [[[1. 1. 1. 1.]
   [1. 1. 1. 1.]
   [1. 1. 1. 1.]
   [1. 1. 1. 1.]]

  [[1. 1. 1. 1.]
   [1. 1. 1. 1.]
   [1. 1. 1. 1.]
   [1. 1. 1. 1.]]

  [[1. 1. 1. 1.]
   [1. 1. 1. 1.]
   [1. 1. 1. 1.]
   [1. 1. 1. 1.]]

  ...

  [[1. 1. 1. 1.]
   [1. 1. 1. 1.]
   [1. 1. 1. 1.]
   [1. 1. 1. 1.]]

  [[1. 1. 1. 1.]
   [1. 1. 1. 1.]
   [1. 1. 1. 1.]
   [1. 1. 1. 1.]]

  [[1. 1. 1. 1.]
   [1. 1. 1. 1.]
   [1. 1. 1. 1.]
   [1. 1. 1. 1.]]]


 ...


 [[[1. 1. 1. 1.]
   [1. 1. 1. 1.]
   [1. 1. 1. 1.]
   [1. 1. 1. 1.]]

  [[1. 1. 1. 1.]
   [1. 1. 1. 1.]
   [1. 1. 1. 1.]
   [1. 1. 1. 1.]]

  [[1. 1. 1. 1.]
   [1. 1. 1. 1.]
   [1. 1. 1. 1.]
   [1. 1. 1. 1.]]

  ...

  [[1. 1. 1. 1.]
   [1. 1. 1. 1.]
   [1. 1. 1. 1.]
   [1. 1. 1. 1.]]

  [[1. 1. 1. 1.]
   [1. 1. 1. 1.]
   [1. 1. 1. 1.]
   [1. 1. 1. 1.]]

  [[1. 1. 1. 1.]
   [1. 1. 1. 1.]
   [1. 1. 1. 1.]
   [1. 1. 1. 1.]]]


 [[[1. 1. 1. 1.]
   [1. 1. 1. 1.]
   [1. 1. 1. 1.]
   [1. 1. 1. 1.]]

  [[1. 1. 1. 1.]
   [1. 1. 1. 1.]
   [1. 1. 1. 1.]
   [1. 1. 1. 1.]]

  [[1. 1. 1. 1.]
   [1. 1. 1. 1.]
   [1. 1. 1. 1.]
   [1. 1. 1. 1.]]

  ...

  [[1. 1. 1. 1.]
   [1. 1. 1. 1.]
   [1. 1. 1. 1.]
   [1. 1. 1. 1.]]

  [[1. 1. 1. 1.]
   [1. 1. 1. 1.]
   [1. 1. 1. 1.]
   [1. 1. 1. 1.]]

  [[1. 1. 1. 1.]
   [1. 1. 1. 1.]
   [1. 1. 1. 1.]
   [1. 1. 1. 1.]]]


 [[[1. 1. 1. 1.]
   [1. 1. 1. 1.]
   [1. 1. 1. 1.]
   [1. 1. 1. 1.]]

  [[1. 1. 1. 1.]
   [1. 1. 1. 1.]
   [1. 1. 1. 1.]
   [1. 1. 1. 1.]]

  [[1. 1. 1. 1.]
   [1. 1. 1. 1.]
   [1. 1. 1. 1.]
   [1. 1. 1. 1.]]

  ...

  [[1. 1. 1. 1.]
   [1. 1. 1. 1.]
   [1. 1. 1. 1.]
   [1. 1. 1. 1.]]

  [[1. 1. 1. 1.]
   [1. 1. 1. 1.]
   [1. 1. 1. 1.]
   [1. 1. 1. 1.]]

  [[1. 1. 1. 1.]
   [1. 1. 1. 1.]
   [1. 1. 1. 1.]
   [1. 1. 1. 1.]]]], bias_init=[1. 1. 1. 1. 1. 1. 1. 1. 1. 1. 1. 1. 1. 1. 1. 1. 1. 1. 1. 1. 1. 1. 1. 1.
 1. 1. 1. 1. 1. 1. 1. 1. 1. 1. 1. 1. 1. 1. 1. 1. 1. 1. 1. 1. 1. 1. 1. 1.
 1. 1. 1. 1. 1. 1. 1. 1. 1. 1. 1. 1. 1. 1. 1. 1.], format=NCHW>
mut_result:True
17 generation!

Adopt PM mut_strategy!
candidate_in_mutlayers_indice:-1
select op: encoded.10 layer_type: Conv2d selected param:stride input_shape:[2, 64, 16, 16] output_shape:[2, 64, 16, 16]
Edit value: (3, 2) new_inshape: (2, 64, 16, 16) new_outshape: (2, 64, 6, 8)
mutate op infor:
SequentialCell<
  (0): Conv2d<input_channels=64, output_channels=64, kernel_size=(3, 3), stride=(3, 2), pad_mode=same, padding=0, dilation=(1, 1), group=1, has_bias=True, weight_init=[[[[1. 1. 1.]
     [1. 1. 1.]
     [1. 1. 1.]]
  
    [[1. 1. 1.]
     [1. 1. 1.]
     [1. 1. 1.]]
  
    [[1. 1. 1.]
     [1. 1. 1.]
     [1. 1. 1.]]
  
    ...
  
    [[1. 1. 1.]
     [1. 1. 1.]
     [1. 1. 1.]]
  
    [[1. 1. 1.]
     [1. 1. 1.]
     [1. 1. 1.]]
  
    [[1. 1. 1.]
     [1. 1. 1.]
     [1. 1. 1.]]]
  
  
   [[[1. 1. 1.]
     [1. 1. 1.]
     [1. 1. 1.]]
  
    [[1. 1. 1.]
     [1. 1. 1.]
     [1. 1. 1.]]
  
    [[1. 1. 1.]
     [1. 1. 1.]
     [1. 1. 1.]]
  
    ...
  
    [[1. 1. 1.]
     [1. 1. 1.]
     [1. 1. 1.]]
  
    [[1. 1. 1.]
     [1. 1. 1.]
     [1. 1. 1.]]
  
    [[1. 1. 1.]
     [1. 1. 1.]
     [1. 1. 1.]]]
  
  
   [[[1. 1. 1.]
     [1. 1. 1.]
     [1. 1. 1.]]
  
    [[1. 1. 1.]
     [1. 1. 1.]
     [1. 1. 1.]]
  
    [[1. 1. 1.]
     [1. 1. 1.]
     [1. 1. 1.]]
  
    ...
  
    [[1. 1. 1.]
     [1. 1. 1.]
     [1. 1. 1.]]
  
    [[1. 1. 1.]
     [1. 1. 1.]
     [1. 1. 1.]]
  
    [[1. 1. 1.]
     [1. 1. 1.]
     [1. 1. 1.]]]
  
  
   ...
  
  
   [[[1. 1. 1.]
     [1. 1. 1.]
     [1. 1. 1.]]
  
    [[1. 1. 1.]
     [1. 1. 1.]
     [1. 1. 1.]]
  
    [[1. 1. 1.]
     [1. 1. 1.]
     [1. 1. 1.]]
  
    ...
  
    [[1. 1. 1.]
     [1. 1. 1.]
     [1. 1. 1.]]
  
    [[1. 1. 1.]
     [1. 1. 1.]
     [1. 1. 1.]]
  
    [[1. 1. 1.]
     [1. 1. 1.]
     [1. 1. 1.]]]
  
  
   [[[1. 1. 1.]
     [1. 1. 1.]
     [1. 1. 1.]]
  
    [[1. 1. 1.]
     [1. 1. 1.]
     [1. 1. 1.]]
  
    [[1. 1. 1.]
     [1. 1. 1.]
     [1. 1. 1.]]
  
    ...
  
    [[1. 1. 1.]
     [1. 1. 1.]
     [1. 1. 1.]]
  
    [[1. 1. 1.]
     [1. 1. 1.]
     [1. 1. 1.]]
  
    [[1. 1. 1.]
     [1. 1. 1.]
     [1. 1. 1.]]]
  
  
   [[[1. 1. 1.]
     [1. 1. 1.]
     [1. 1. 1.]]
  
    [[1. 1. 1.]
     [1. 1. 1.]
     [1. 1. 1.]]
  
    [[1. 1. 1.]
     [1. 1. 1.]
     [1. 1. 1.]]
  
    ...
  
    [[1. 1. 1.]
     [1. 1. 1.]
     [1. 1. 1.]]
  
    [[1. 1. 1.]
     [1. 1. 1.]
     [1. 1. 1.]]
  
    [[1. 1. 1.]
     [1. 1. 1.]
     [1. 1. 1.]]]], bias_init=[1. 1. 1. 1. 1. 1. 1. 1. 1. 1. 1. 1. 1. 1. 1. 1. 1. 1. 1. 1. 1. 1. 1. 1.
   1. 1. 1. 1. 1. 1. 1. 1. 1. 1. 1. 1. 1. 1. 1. 1. 1. 1. 1. 1. 1. 1. 1. 1.
   1. 1. 1. 1. 1. 1. 1. 1. 1. 1. 1. 1. 1. 1. 1. 1.], format=NCHW>
  (1): Replace_ms<>
  >
mut_result:True
18 generation!

Adopt PM mut_strategy!
The target model do not have the mutator operators eps!
mut_result:Parameter Miss
19 generation!

Adopt PM mut_strategy!
The target model do not have the mutator operators eps!
mut_result:Parameter Miss
20 generation!

Adopt PM mut_strategy!
candidate_in_mutlayers_indice:0
select op: encoded.10 layer_type: Conv2d selected param:stride input_shape:[2, 64, 16, 16] output_shape:[2, 64, 16, 16]
Edit value: (3, 3) new_inshape: (2, 64, 16, 16) new_outshape: (2, 64, 6, 6)
mutate op infor:
SequentialCell<
  (0): Conv2d<input_channels=64, output_channels=64, kernel_size=(3, 3), stride=(3, 3), pad_mode=same, padding=0, dilation=(1, 1), group=1, has_bias=True, weight_init=[[[[1. 1. 1.]
     [1. 1. 1.]
     [1. 1. 1.]]
  
    [[1. 1. 1.]
     [1. 1. 1.]
     [1. 1. 1.]]
  
    [[1. 1. 1.]
     [1. 1. 1.]
     [1. 1. 1.]]
  
    ...
  
    [[1. 1. 1.]
     [1. 1. 1.]
     [1. 1. 1.]]
  
    [[1. 1. 1.]
     [1. 1. 1.]
     [1. 1. 1.]]
  
    [[1. 1. 1.]
     [1. 1. 1.]
     [1. 1. 1.]]]
  
  
   [[[1. 1. 1.]
     [1. 1. 1.]
     [1. 1. 1.]]
  
    [[1. 1. 1.]
     [1. 1. 1.]
     [1. 1. 1.]]
  
    [[1. 1. 1.]
     [1. 1. 1.]
     [1. 1. 1.]]
  
    ...
  
    [[1. 1. 1.]
     [1. 1. 1.]
     [1. 1. 1.]]
  
    [[1. 1. 1.]
     [1. 1. 1.]
     [1. 1. 1.]]
  
    [[1. 1. 1.]
     [1. 1. 1.]
     [1. 1. 1.]]]
  
  
   [[[1. 1. 1.]
     [1. 1. 1.]
     [1. 1. 1.]]
  
    [[1. 1. 1.]
     [1. 1. 1.]
     [1. 1. 1.]]
  
    [[1. 1. 1.]
     [1. 1. 1.]
     [1. 1. 1.]]
  
    ...
  
    [[1. 1. 1.]
     [1. 1. 1.]
     [1. 1. 1.]]
  
    [[1. 1. 1.]
     [1. 1. 1.]
     [1. 1. 1.]]
  
    [[1. 1. 1.]
     [1. 1. 1.]
     [1. 1. 1.]]]
  
  
   ...
  
  
   [[[1. 1. 1.]
     [1. 1. 1.]
     [1. 1. 1.]]
  
    [[1. 1. 1.]
     [1. 1. 1.]
     [1. 1. 1.]]
  
    [[1. 1. 1.]
     [1. 1. 1.]
     [1. 1. 1.]]
  
    ...
  
    [[1. 1. 1.]
     [1. 1. 1.]
     [1. 1. 1.]]
  
    [[1. 1. 1.]
     [1. 1. 1.]
     [1. 1. 1.]]
  
    [[1. 1. 1.]
     [1. 1. 1.]
     [1. 1. 1.]]]
  
  
   [[[1. 1. 1.]
     [1. 1. 1.]
     [1. 1. 1.]]
  
    [[1. 1. 1.]
     [1. 1. 1.]
     [1. 1. 1.]]
  
    [[1. 1. 1.]
     [1. 1. 1.]
     [1. 1. 1.]]
  
    ...
  
    [[1. 1. 1.]
     [1. 1. 1.]
     [1. 1. 1.]]
  
    [[1. 1. 1.]
     [1. 1. 1.]
     [1. 1. 1.]]
  
    [[1. 1. 1.]
     [1. 1. 1.]
     [1. 1. 1.]]]
  
  
   [[[1. 1. 1.]
     [1. 1. 1.]
     [1. 1. 1.]]
  
    [[1. 1. 1.]
     [1. 1. 1.]
     [1. 1. 1.]]
  
    [[1. 1. 1.]
     [1. 1. 1.]
     [1. 1. 1.]]
  
    ...
  
    [[1. 1. 1.]
     [1. 1. 1.]
     [1. 1. 1.]]
  
    [[1. 1. 1.]
     [1. 1. 1.]
     [1. 1. 1.]]
  
    [[1. 1. 1.]
     [1. 1. 1.]
     [1. 1. 1.]]]], bias_init=[1. 1. 1. 1. 1. 1. 1. 1. 1. 1. 1. 1. 1. 1. 1. 1. 1. 1. 1. 1. 1. 1. 1. 1.
   1. 1. 1. 1. 1. 1. 1. 1. 1. 1. 1. 1. 1. 1. 1. 1. 1. 1. 1. 1. 1. 1. 1. 1.
   1. 1. 1. 1. 1. 1. 1. 1. 1. 1. 1. 1. 1. 1. 1. 1.], format=NCHW>
  (1): Replace_ms<>
  >
mut_result:True
21 generation!

Adopt PM mut_strategy!
The target model do not have the mutator operators eps!
mut_result:Parameter Miss
22 generation!

Adopt PM mut_strategy!
candidate_in_mutlayers_indice:-1
select op: encoded.14 layer_type: Conv2d selected param:stride input_shape:[2, 128, 8, 8] output_shape:[2, 64, 8, 8]
Edit value: (4, 2) new_inshape: (2, 128, 8, 8) new_outshape: (2, 64, 2, 4)
mutate op infor:
SequentialCell<
  (0): Conv2d<input_channels=128, output_channels=64, kernel_size=(3, 3), stride=(4, 2), pad_mode=same, padding=0, dilation=(1, 1), group=1, has_bias=True, weight_init=[[[[1. 1. 1.]
     [1. 1. 1.]
     [1. 1. 1.]]
  
    [[1. 1. 1.]
     [1. 1. 1.]
     [1. 1. 1.]]
  
    [[1. 1. 1.]
     [1. 1. 1.]
     [1. 1. 1.]]
  
    ...
  
    [[1. 1. 1.]
     [1. 1. 1.]
     [1. 1. 1.]]
  
    [[1. 1. 1.]
     [1. 1. 1.]
     [1. 1. 1.]]
  
    [[1. 1. 1.]
     [1. 1. 1.]
     [1. 1. 1.]]]
  
  
   [[[1. 1. 1.]
     [1. 1. 1.]
     [1. 1. 1.]]
  
    [[1. 1. 1.]
     [1. 1. 1.]
     [1. 1. 1.]]
  
    [[1. 1. 1.]
     [1. 1. 1.]
     [1. 1. 1.]]
  
    ...
  
    [[1. 1. 1.]
     [1. 1. 1.]
     [1. 1. 1.]]
  
    [[1. 1. 1.]
     [1. 1. 1.]
     [1. 1. 1.]]
  
    [[1. 1. 1.]
     [1. 1. 1.]
     [1. 1. 1.]]]
  
  
   [[[1. 1. 1.]
     [1. 1. 1.]
     [1. 1. 1.]]
  
    [[1. 1. 1.]
     [1. 1. 1.]
     [1. 1. 1.]]
  
    [[1. 1. 1.]
     [1. 1. 1.]
     [1. 1. 1.]]
  
    ...
  
    [[1. 1. 1.]
     [1. 1. 1.]
     [1. 1. 1.]]
  
    [[1. 1. 1.]
     [1. 1. 1.]
     [1. 1. 1.]]
  
    [[1. 1. 1.]
     [1. 1. 1.]
     [1. 1. 1.]]]
  
  
   ...
  
  
   [[[1. 1. 1.]
     [1. 1. 1.]
     [1. 1. 1.]]
  
    [[1. 1. 1.]
     [1. 1. 1.]
     [1. 1. 1.]]
  
    [[1. 1. 1.]
     [1. 1. 1.]
     [1. 1. 1.]]
  
    ...
  
    [[1. 1. 1.]
     [1. 1. 1.]
     [1. 1. 1.]]
  
    [[1. 1. 1.]
     [1. 1. 1.]
     [1. 1. 1.]]
  
    [[1. 1. 1.]
     [1. 1. 1.]
     [1. 1. 1.]]]
  
  
   [[[1. 1. 1.]
     [1. 1. 1.]
     [1. 1. 1.]]
  
    [[1. 1. 1.]
     [1. 1. 1.]
     [1. 1. 1.]]
  
    [[1. 1. 1.]
     [1. 1. 1.]
     [1. 1. 1.]]
  
    ...
  
    [[1. 1. 1.]
     [1. 1. 1.]
     [1. 1. 1.]]
  
    [[1. 1. 1.]
     [1. 1. 1.]
     [1. 1. 1.]]
  
    [[1. 1. 1.]
     [1. 1. 1.]
     [1. 1. 1.]]]
  
  
   [[[1. 1. 1.]
     [1. 1. 1.]
     [1. 1. 1.]]
  
    [[1. 1. 1.]
     [1. 1. 1.]
     [1. 1. 1.]]
  
    [[1. 1. 1.]
     [1. 1. 1.]
     [1. 1. 1.]]
  
    ...
  
    [[1. 1. 1.]
     [1. 1. 1.]
     [1. 1. 1.]]
  
    [[1. 1. 1.]
     [1. 1. 1.]
     [1. 1. 1.]]
  
    [[1. 1. 1.]
     [1. 1. 1.]
     [1. 1. 1.]]]], bias_init=[1. 1. 1. 1. 1. 1. 1. 1. 1. 1. 1. 1. 1. 1. 1. 1. 1. 1. 1. 1. 1. 1. 1. 1.
   1. 1. 1. 1. 1. 1. 1. 1. 1. 1. 1. 1. 1. 1. 1. 1. 1. 1. 1. 1. 1. 1. 1. 1.
   1. 1. 1. 1. 1. 1. 1. 1. 1. 1. 1. 1. 1. 1. 1. 1.], format=NCHW>
  (1): Replace_ms<>
  >
mut_result:True
23 generation!

Adopt PM mut_strategy!
candidate_in_mutlayers_indice:0
select op: encoded.14 layer_type: Conv2d selected param:stride input_shape:[2, 128, 8, 8] output_shape:[2, 64, 8, 8]
Edit value: (4, 3) new_inshape: (2, 128, 8, 8) new_outshape: (2, 64, 2, 3)
mutate op infor:
SequentialCell<
  (0): Conv2d<input_channels=128, output_channels=64, kernel_size=(3, 3), stride=(4, 3), pad_mode=same, padding=0, dilation=(1, 1), group=1, has_bias=True, weight_init=[[[[1. 1. 1.]
     [1. 1. 1.]
     [1. 1. 1.]]
  
    [[1. 1. 1.]
     [1. 1. 1.]
     [1. 1. 1.]]
  
    [[1. 1. 1.]
     [1. 1. 1.]
     [1. 1. 1.]]
  
    ...
  
    [[1. 1. 1.]
     [1. 1. 1.]
     [1. 1. 1.]]
  
    [[1. 1. 1.]
     [1. 1. 1.]
     [1. 1. 1.]]
  
    [[1. 1. 1.]
     [1. 1. 1.]
     [1. 1. 1.]]]
  
  
   [[[1. 1. 1.]
     [1. 1. 1.]
     [1. 1. 1.]]
  
    [[1. 1. 1.]
     [1. 1. 1.]
     [1. 1. 1.]]
  
    [[1. 1. 1.]
     [1. 1. 1.]
     [1. 1. 1.]]
  
    ...
  
    [[1. 1. 1.]
     [1. 1. 1.]
     [1. 1. 1.]]
  
    [[1. 1. 1.]
     [1. 1. 1.]
     [1. 1. 1.]]
  
    [[1. 1. 1.]
     [1. 1. 1.]
     [1. 1. 1.]]]
  
  
   [[[1. 1. 1.]
     [1. 1. 1.]
     [1. 1. 1.]]
  
    [[1. 1. 1.]
     [1. 1. 1.]
     [1. 1. 1.]]
  
    [[1. 1. 1.]
     [1. 1. 1.]
     [1. 1. 1.]]
  
    ...
  
    [[1. 1. 1.]
     [1. 1. 1.]
     [1. 1. 1.]]
  
    [[1. 1. 1.]
     [1. 1. 1.]
     [1. 1. 1.]]
  
    [[1. 1. 1.]
     [1. 1. 1.]
     [1. 1. 1.]]]
  
  
   ...
  
  
   [[[1. 1. 1.]
     [1. 1. 1.]
     [1. 1. 1.]]
  
    [[1. 1. 1.]
     [1. 1. 1.]
     [1. 1. 1.]]
  
    [[1. 1. 1.]
     [1. 1. 1.]
     [1. 1. 1.]]
  
    ...
  
    [[1. 1. 1.]
     [1. 1. 1.]
     [1. 1. 1.]]
  
    [[1. 1. 1.]
     [1. 1. 1.]
     [1. 1. 1.]]
  
    [[1. 1. 1.]
     [1. 1. 1.]
     [1. 1. 1.]]]
  
  
   [[[1. 1. 1.]
     [1. 1. 1.]
     [1. 1. 1.]]
  
    [[1. 1. 1.]
     [1. 1. 1.]
     [1. 1. 1.]]
  
    [[1. 1. 1.]
     [1. 1. 1.]
     [1. 1. 1.]]
  
    ...
  
    [[1. 1. 1.]
     [1. 1. 1.]
     [1. 1. 1.]]
  
    [[1. 1. 1.]
     [1. 1. 1.]
     [1. 1. 1.]]
  
    [[1. 1. 1.]
     [1. 1. 1.]
     [1. 1. 1.]]]
  
  
   [[[1. 1. 1.]
     [1. 1. 1.]
     [1. 1. 1.]]
  
    [[1. 1. 1.]
     [1. 1. 1.]
     [1. 1. 1.]]
  
    [[1. 1. 1.]
     [1. 1. 1.]
     [1. 1. 1.]]
  
    ...
  
    [[1. 1. 1.]
     [1. 1. 1.]
     [1. 1. 1.]]
  
    [[1. 1. 1.]
     [1. 1. 1.]
     [1. 1. 1.]]
  
    [[1. 1. 1.]
     [1. 1. 1.]
     [1. 1. 1.]]]], bias_init=[1. 1. 1. 1. 1. 1. 1. 1. 1. 1. 1. 1. 1. 1. 1. 1. 1. 1. 1. 1. 1. 1. 1. 1.
   1. 1. 1. 1. 1. 1. 1. 1. 1. 1. 1. 1. 1. 1. 1. 1. 1. 1. 1. 1. 1. 1. 1. 1.
   1. 1. 1. 1. 1. 1. 1. 1. 1. 1. 1. 1. 1. 1. 1. 1.], format=NCHW>
  (1): Replace_ms<>
  >
mut_result:True
24 generation!

Adopt PM mut_strategy!
The target model do not have the mutator operators keep_prob!
mut_result:Parameter Miss
25 generation!

Adopt PM mut_strategy!
candidate_in_mutlayers_indice:0
select op: encoded.2 layer_type: Conv2d selected param:stride input_shape:[2, 32, 128, 128] output_shape:[2, 32, 64, 64]
Edit value: (3, 4) new_inshape: (2, 32, 128, 128) new_outshape: (2, 32, 43, 32)
mutate op infor:
SequentialCell<
  (0): Conv2d<input_channels=32, output_channels=32, kernel_size=(4, 3), stride=(3, 4), pad_mode=same, padding=0, dilation=(1, 1), group=1, has_bias=True, weight_init=[[[[1. 1. 1.]
     [1. 1. 1.]
     [1. 1. 1.]
     [1. 1. 1.]]
  
    [[1. 1. 1.]
     [1. 1. 1.]
     [1. 1. 1.]
     [1. 1. 1.]]
  
    [[1. 1. 1.]
     [1. 1. 1.]
     [1. 1. 1.]
     [1. 1. 1.]]
  
    ...
  
    [[1. 1. 1.]
     [1. 1. 1.]
     [1. 1. 1.]
     [1. 1. 1.]]
  
    [[1. 1. 1.]
     [1. 1. 1.]
     [1. 1. 1.]
     [1. 1. 1.]]
  
    [[1. 1. 1.]
     [1. 1. 1.]
     [1. 1. 1.]
     [1. 1. 1.]]]
  
  
   [[[1. 1. 1.]
     [1. 1. 1.]
     [1. 1. 1.]
     [1. 1. 1.]]
  
    [[1. 1. 1.]
     [1. 1. 1.]
     [1. 1. 1.]
     [1. 1. 1.]]
  
    [[1. 1. 1.]
     [1. 1. 1.]
     [1. 1. 1.]
     [1. 1. 1.]]
  
    ...
  
    [[1. 1. 1.]
     [1. 1. 1.]
     [1. 1. 1.]
     [1. 1. 1.]]
  
    [[1. 1. 1.]
     [1. 1. 1.]
     [1. 1. 1.]
     [1. 1. 1.]]
  
    [[1. 1. 1.]
     [1. 1. 1.]
     [1. 1. 1.]
     [1. 1. 1.]]]
  
  
   [[[1. 1. 1.]
     [1. 1. 1.]
     [1. 1. 1.]
     [1. 1. 1.]]
  
    [[1. 1. 1.]
     [1. 1. 1.]
     [1. 1. 1.]
     [1. 1. 1.]]
  
    [[1. 1. 1.]
     [1. 1. 1.]
     [1. 1. 1.]
     [1. 1. 1.]]
  
    ...
  
    [[1. 1. 1.]
     [1. 1. 1.]
     [1. 1. 1.]
     [1. 1. 1.]]
  
    [[1. 1. 1.]
     [1. 1. 1.]
     [1. 1. 1.]
     [1. 1. 1.]]
  
    [[1. 1. 1.]
     [1. 1. 1.]
     [1. 1. 1.]
     [1. 1. 1.]]]
  
  
   ...
  
  
   [[[1. 1. 1.]
     [1. 1. 1.]
     [1. 1. 1.]
     [1. 1. 1.]]
  
    [[1. 1. 1.]
     [1. 1. 1.]
     [1. 1. 1.]
     [1. 1. 1.]]
  
    [[1. 1. 1.]
     [1. 1. 1.]
     [1. 1. 1.]
     [1. 1. 1.]]
  
    ...
  
    [[1. 1. 1.]
     [1. 1. 1.]
     [1. 1. 1.]
     [1. 1. 1.]]
  
    [[1. 1. 1.]
     [1. 1. 1.]
     [1. 1. 1.]
     [1. 1. 1.]]
  
    [[1. 1. 1.]
     [1. 1. 1.]
     [1. 1. 1.]
     [1. 1. 1.]]]
  
  
   [[[1. 1. 1.]
     [1. 1. 1.]
     [1. 1. 1.]
     [1. 1. 1.]]
  
    [[1. 1. 1.]
     [1. 1. 1.]
     [1. 1. 1.]
     [1. 1. 1.]]
  
    [[1. 1. 1.]
     [1. 1. 1.]
     [1. 1. 1.]
     [1. 1. 1.]]
  
    ...
  
    [[1. 1. 1.]
     [1. 1. 1.]
     [1. 1. 1.]
     [1. 1. 1.]]
  
    [[1. 1. 1.]
     [1. 1. 1.]
     [1. 1. 1.]
     [1. 1. 1.]]
  
    [[1. 1. 1.]
     [1. 1. 1.]
     [1. 1. 1.]
     [1. 1. 1.]]]
  
  
   [[[1. 1. 1.]
     [1. 1. 1.]
     [1. 1. 1.]
     [1. 1. 1.]]
  
    [[1. 1. 1.]
     [1. 1. 1.]
     [1. 1. 1.]
     [1. 1. 1.]]
  
    [[1. 1. 1.]
     [1. 1. 1.]
     [1. 1. 1.]
     [1. 1. 1.]]
  
    ...
  
    [[1. 1. 1.]
     [1. 1. 1.]
     [1. 1. 1.]
     [1. 1. 1.]]
  
    [[1. 1. 1.]
     [1. 1. 1.]
     [1. 1. 1.]
     [1. 1. 1.]]
  
    [[1. 1. 1.]
     [1. 1. 1.]
     [1. 1. 1.]
     [1. 1. 1.]]]], bias_init=[1. 1. 1. 1. 1. 1. 1. 1. 1. 1. 1. 1. 1. 1. 1. 1. 1. 1. 1. 1. 1. 1. 1. 1.
   1. 1. 1. 1. 1. 1. 1. 1.], format=NCHW>
  (1): Replace_ms<>
  >
mut_result:True
26 generation!

Adopt PM mut_strategy!
The target model do not have the mutator operators momentum!
mut_result:Parameter Miss
27 generation!

Adopt PM mut_strategy!
The target model do not have the mutator operators momentum!
mut_result:Parameter Miss
28 generation!

Adopt PM mut_strategy!
The target model do not have the mutator operators momentum!
mut_result:Parameter Miss
29 generation!

Adopt PM mut_strategy!
candidate_in_mutlayers_indice:0
select op: encoded.10 layer_type: Conv2d selected param:kernel_size input_shape:[2, 64, 16, 16] output_shape:[2, 64, 16, 16]
Edit value: (2, 4) new_inshape: (2, 64, 16, 16) new_outshape: (2, 64, 6, 6)
mutate op infor:
SequentialCell<
  (0): Conv2d<input_channels=64, output_channels=64, kernel_size=(2, 4), stride=(3, 3), pad_mode=same, padding=0, dilation=(1, 1), group=1, has_bias=True, weight_init=[[[[1. 1. 1. 1.]
     [1. 1. 1. 1.]]
  
    [[1. 1. 1. 1.]
     [1. 1. 1. 1.]]
  
    [[1. 1. 1. 1.]
     [1. 1. 1. 1.]]
  
    ...
  
    [[1. 1. 1. 1.]
     [1. 1. 1. 1.]]
  
    [[1. 1. 1. 1.]
     [1. 1. 1. 1.]]
  
    [[1. 1. 1. 1.]
     [1. 1. 1. 1.]]]
  
  
   [[[1. 1. 1. 1.]
     [1. 1. 1. 1.]]
  
    [[1. 1. 1. 1.]
     [1. 1. 1. 1.]]
  
    [[1. 1. 1. 1.]
     [1. 1. 1. 1.]]
  
    ...
  
    [[1. 1. 1. 1.]
     [1. 1. 1. 1.]]
  
    [[1. 1. 1. 1.]
     [1. 1. 1. 1.]]
  
    [[1. 1. 1. 1.]
     [1. 1. 1. 1.]]]
  
  
   [[[1. 1. 1. 1.]
     [1. 1. 1. 1.]]
  
    [[1. 1. 1. 1.]
     [1. 1. 1. 1.]]
  
    [[1. 1. 1. 1.]
     [1. 1. 1. 1.]]
  
    ...
  
    [[1. 1. 1. 1.]
     [1. 1. 1. 1.]]
  
    [[1. 1. 1. 1.]
     [1. 1. 1. 1.]]
  
    [[1. 1. 1. 1.]
     [1. 1. 1. 1.]]]
  
  
   ...
  
  
   [[[1. 1. 1. 1.]
     [1. 1. 1. 1.]]
  
    [[1. 1. 1. 1.]
     [1. 1. 1. 1.]]
  
    [[1. 1. 1. 1.]
     [1. 1. 1. 1.]]
  
    ...
  
    [[1. 1. 1. 1.]
     [1. 1. 1. 1.]]
  
    [[1. 1. 1. 1.]
     [1. 1. 1. 1.]]
  
    [[1. 1. 1. 1.]
     [1. 1. 1. 1.]]]
  
  
   [[[1. 1. 1. 1.]
     [1. 1. 1. 1.]]
  
    [[1. 1. 1. 1.]
     [1. 1. 1. 1.]]
  
    [[1. 1. 1. 1.]
     [1. 1. 1. 1.]]
  
    ...
  
    [[1. 1. 1. 1.]
     [1. 1. 1. 1.]]
  
    [[1. 1. 1. 1.]
     [1. 1. 1. 1.]]
  
    [[1. 1. 1. 1.]
     [1. 1. 1. 1.]]]
  
  
   [[[1. 1. 1. 1.]
     [1. 1. 1. 1.]]
  
    [[1. 1. 1. 1.]
     [1. 1. 1. 1.]]
  
    [[1. 1. 1. 1.]
     [1. 1. 1. 1.]]
  
    ...
  
    [[1. 1. 1. 1.]
     [1. 1. 1. 1.]]
  
    [[1. 1. 1. 1.]
     [1. 1. 1. 1.]]
  
    [[1. 1. 1. 1.]
     [1. 1. 1. 1.]]]], bias_init=[1. 1. 1. 1. 1. 1. 1. 1. 1. 1. 1. 1. 1. 1. 1. 1. 1. 1. 1. 1. 1. 1. 1. 1.
   1. 1. 1. 1. 1. 1. 1. 1. 1. 1. 1. 1. 1. 1. 1. 1. 1. 1. 1. 1. 1. 1. 1. 1.
   1. 1. 1. 1. 1. 1. 1. 1. 1. 1. 1. 1. 1. 1. 1. 1.], format=NCHW>
  (1): Replace_ms<>
  >
mut_result:True
30 generation!

Adopt PM mut_strategy!
The target model do not have the mutator operators eps!
mut_result:Parameter Miss
31 generation!

Adopt PM mut_strategy!
candidate_in_mutlayers_indice:0
select op: encoded.14 layer_type: Conv2d selected param:stride input_shape:[2, 128, 8, 8] output_shape:[2, 64, 8, 8]
Edit value: (2, 3) new_inshape: (2, 128, 8, 8) new_outshape: (2, 64, 4, 3)
mutate op infor:
SequentialCell<
  (0): Conv2d<input_channels=128, output_channels=64, kernel_size=(3, 3), stride=(2, 3), pad_mode=same, padding=0, dilation=(1, 1), group=1, has_bias=True, weight_init=[[[[1. 1. 1.]
     [1. 1. 1.]
     [1. 1. 1.]]
  
    [[1. 1. 1.]
     [1. 1. 1.]
     [1. 1. 1.]]
  
    [[1. 1. 1.]
     [1. 1. 1.]
     [1. 1. 1.]]
  
    ...
  
    [[1. 1. 1.]
     [1. 1. 1.]
     [1. 1. 1.]]
  
    [[1. 1. 1.]
     [1. 1. 1.]
     [1. 1. 1.]]
  
    [[1. 1. 1.]
     [1. 1. 1.]
     [1. 1. 1.]]]
  
  
   [[[1. 1. 1.]
     [1. 1. 1.]
     [1. 1. 1.]]
  
    [[1. 1. 1.]
     [1. 1. 1.]
     [1. 1. 1.]]
  
    [[1. 1. 1.]
     [1. 1. 1.]
     [1. 1. 1.]]
  
    ...
  
    [[1. 1. 1.]
     [1. 1. 1.]
     [1. 1. 1.]]
  
    [[1. 1. 1.]
     [1. 1. 1.]
     [1. 1. 1.]]
  
    [[1. 1. 1.]
     [1. 1. 1.]
     [1. 1. 1.]]]
  
  
   [[[1. 1. 1.]
     [1. 1. 1.]
     [1. 1. 1.]]
  
    [[1. 1. 1.]
     [1. 1. 1.]
     [1. 1. 1.]]
  
    [[1. 1. 1.]
     [1. 1. 1.]
     [1. 1. 1.]]
  
    ...
  
    [[1. 1. 1.]
     [1. 1. 1.]
     [1. 1. 1.]]
  
    [[1. 1. 1.]
     [1. 1. 1.]
     [1. 1. 1.]]
  
    [[1. 1. 1.]
     [1. 1. 1.]
     [1. 1. 1.]]]
  
  
   ...
  
  
   [[[1. 1. 1.]
     [1. 1. 1.]
     [1. 1. 1.]]
  
    [[1. 1. 1.]
     [1. 1. 1.]
     [1. 1. 1.]]
  
    [[1. 1. 1.]
     [1. 1. 1.]
     [1. 1. 1.]]
  
    ...
  
    [[1. 1. 1.]
     [1. 1. 1.]
     [1. 1. 1.]]
  
    [[1. 1. 1.]
     [1. 1. 1.]
     [1. 1. 1.]]
  
    [[1. 1. 1.]
     [1. 1. 1.]
     [1. 1. 1.]]]
  
  
   [[[1. 1. 1.]
     [1. 1. 1.]
     [1. 1. 1.]]
  
    [[1. 1. 1.]
     [1. 1. 1.]
     [1. 1. 1.]]
  
    [[1. 1. 1.]
     [1. 1. 1.]
     [1. 1. 1.]]
  
    ...
  
    [[1. 1. 1.]
     [1. 1. 1.]
     [1. 1. 1.]]
  
    [[1. 1. 1.]
     [1. 1. 1.]
     [1. 1. 1.]]
  
    [[1. 1. 1.]
     [1. 1. 1.]
     [1. 1. 1.]]]
  
  
   [[[1. 1. 1.]
     [1. 1. 1.]
     [1. 1. 1.]]
  
    [[1. 1. 1.]
     [1. 1. 1.]
     [1. 1. 1.]]
  
    [[1. 1. 1.]
     [1. 1. 1.]
     [1. 1. 1.]]
  
    ...
  
    [[1. 1. 1.]
     [1. 1. 1.]
     [1. 1. 1.]]
  
    [[1. 1. 1.]
     [1. 1. 1.]
     [1. 1. 1.]]
  
    [[1. 1. 1.]
     [1. 1. 1.]
     [1. 1. 1.]]]], bias_init=[1. 1. 1. 1. 1. 1. 1. 1. 1. 1. 1. 1. 1. 1. 1. 1. 1. 1. 1. 1. 1. 1. 1. 1.
   1. 1. 1. 1. 1. 1. 1. 1. 1. 1. 1. 1. 1. 1. 1. 1. 1. 1. 1. 1. 1. 1. 1. 1.
   1. 1. 1. 1. 1. 1. 1. 1. 1. 1. 1. 1. 1. 1. 1. 1.], format=NCHW>
  (1): Replace_ms<>
  >
mut_result:True
32 generation!

Adopt PM mut_strategy!
The target model do not have the mutator operators eps!
mut_result:Parameter Miss
33 generation!

Adopt PM mut_strategy!
The target model do not have the mutator operators keep_prob!
mut_result:Parameter Miss
34 generation!

Adopt PM mut_strategy!
The target model do not have the mutator operators momentum!
mut_result:Parameter Miss
35 generation!

Adopt PM mut_strategy!
candidate_in_mutlayers_indice:-1
select op: encoded.4 layer_type: Conv2d selected param:kernel_size input_shape:[2, 32, 64, 64] output_shape:[2, 32, 32, 32]
Edit value: (2, 2) new_inshape: (2, 32, 64, 64) new_outshape: (2, 32, 32, 32)
Conv2d<input_channels=32, output_channels=32, kernel_size=(2, 2), stride=(2, 2), pad_mode=same, padding=0, dilation=(1, 1), group=1, has_bias=True, weight_init=[[[[1. 1.]
   [1. 1.]]

  [[1. 1.]
   [1. 1.]]

  [[1. 1.]
   [1. 1.]]

  ...

  [[1. 1.]
   [1. 1.]]

  [[1. 1.]
   [1. 1.]]

  [[1. 1.]
   [1. 1.]]]


 [[[1. 1.]
   [1. 1.]]

  [[1. 1.]
   [1. 1.]]

  [[1. 1.]
   [1. 1.]]

  ...

  [[1. 1.]
   [1. 1.]]

  [[1. 1.]
   [1. 1.]]

  [[1. 1.]
   [1. 1.]]]


 [[[1. 1.]
   [1. 1.]]

  [[1. 1.]
   [1. 1.]]

  [[1. 1.]
   [1. 1.]]

  ...

  [[1. 1.]
   [1. 1.]]

  [[1. 1.]
   [1. 1.]]

  [[1. 1.]
   [1. 1.]]]


 ...


 [[[1. 1.]
   [1. 1.]]

  [[1. 1.]
   [1. 1.]]

  [[1. 1.]
   [1. 1.]]

  ...

  [[1. 1.]
   [1. 1.]]

  [[1. 1.]
   [1. 1.]]

  [[1. 1.]
   [1. 1.]]]


 [[[1. 1.]
   [1. 1.]]

  [[1. 1.]
   [1. 1.]]

  [[1. 1.]
   [1. 1.]]

  ...

  [[1. 1.]
   [1. 1.]]

  [[1. 1.]
   [1. 1.]]

  [[1. 1.]
   [1. 1.]]]


 [[[1. 1.]
   [1. 1.]]

  [[1. 1.]
   [1. 1.]]

  [[1. 1.]
   [1. 1.]]

  ...

  [[1. 1.]
   [1. 1.]]

  [[1. 1.]
   [1. 1.]]

  [[1. 1.]
   [1. 1.]]]], bias_init=[1. 1. 1. 1. 1. 1. 1. 1. 1. 1. 1. 1. 1. 1. 1. 1. 1. 1. 1. 1. 1. 1. 1. 1.
 1. 1. 1. 1. 1. 1. 1. 1.], format=NCHW>
mut_result:True
36 generation!

Adopt PM mut_strategy!
The target model do not have the mutator operators momentum!
mut_result:Parameter Miss
37 generation!

Adopt PM mut_strategy!
The target model do not have the mutator operators keep_prob!
mut_result:Parameter Miss
38 generation!

Adopt PM mut_strategy!
The target model do not have the mutator operators momentum!
mut_result:Parameter Miss
39 generation!

Adopt PM mut_strategy!
The target model do not have the mutator operators momentum!
mut_result:Parameter Miss
40 generation!

